{
    "camera_backward": {
        "camera_intrinsics": {
            "K": [
                [
                    1909.34589,
                    0,
                    1922.95468
                ],
                [
                    0,
                    1909.460915,
                    1083.987307
                ],
                [
                    0,
                    0,
                    1
                ]
            ]
        },
        "camera2vcs": [
            [
                0.00995198939467589,
                -0.001690098531372764,
                -0.9999490494390416,
                0.05472382908601736
            ],
            [
                0.9999413473294085,
                -0.004256534674503487,
                0.009959107069014095,
                0.13667934866764725
            ],
            [
                -0.004273149673905335,
                -0.9999895126847677,
                0.0016476384146416896,
                1.6583408747486148
            ],
            [
                0.0,
                0.0,
                0.0,
                1.0
            ]
        ],
        "width": 3840,
        "height": 2160,
        "projection_type": "cylinder"
    },
    "camera_forward_far": {
        "camera_intrinsics": {
            "K": [
                [
                    7284.404561,
                    0,
                    1921.627447
                ],
                [
                    0,
                    7284.404561,
                    1071.660502
                ],
                [
                    0,
                    0,
                    1
                ]
            ]
        },
        "camera2vcs": [
            [
                0.015294865724960987,
                -0.022318651385786224,
                0.9996339054287703,
                2.185043430687049
            ],
            [
                -0.9997742420922495,
                0.014405650466370878,
                0.015618645380103546,
                0.03689820475798894
            ],
            [
                -0.01474896373729666,
                -0.9996471152536582,
                -0.022093280284181425,
                1.488351829528046
            ],
            [
                0.0,
                0.0,
                0.0,
                1.0
            ]
        ],
        "width": 3840,
        "height": 2160,
        "projection_type": "cylinder"
    },
    "camera_forward_wide": {
        "camera_intrinsics": {
            "K": [
                [
                    1914.537513,
                    0,
                    1922.419278
                ],
                [
                    0,
                    1914.537513,
                    1077.101413
                ],
                [
                    0,
                    0,
                    1
                ]
            ]
        },
        "camera2vcs": [
            [
                0.009715908718179189,
                -0.008994152555992029,
                0.9999123493274695,
                2.1578010273444894
            ],
            [
                -0.9999001990837462,
                0.010169046719253838,
                0.009807260632118897,
                0.0752288123393519
            ],
            [
                -0.010256363393751515,
                -0.9999078436079102,
                -0.008894453401650943,
                1.4729064131108198
            ],
            [
                0.0,
                0.0,
                0.0,
                1.0
            ]
        ],
        "width": 3840,
        "height": 2160,
        "projection_type": "cylinder"
    },
    "camera_left_front": {
        "camera_intrinsics": {
            "K": [
                [
                    1105.862355,
                    0,
                    956.905726
                ],
                [
                    0,
                    1105.812742,
                    602.261305
                ],
                [
                    0,
                    0,
                    1
                ]
            ]
        },
        "camera2vcs": [
            [
                0.7624195545546881,
                -0.009012008143227591,
                0.6470202520337807,
                1.5497052641481033
            ],
            [
                -0.6470724072871237,
                -0.0048939323780053945,
                0.7624128469231918,
                0.6046600396958758
            ],
            [
                -0.0037043974243197867,
                -0.9999474151849714,
                -0.00956265154738908,
                1.632812725330517
            ],
            [
                0.0,
                0.0,
                0.0,
                1.0
            ]
        ],
        "width": 1920,
        "height": 1200,
        "projection_type": "pinhole"
    },
    "camera_left_rear": {
        "camera_intrinsics": {
            "K": [
                [
                    1104.615311,
                    0,
                    960.63917
                ],
                [
                    0,
                    1104.772598,
                    593.867201
                ],
                [
                    0,
                    0,
                    1
                ]
            ]
        },
        "camera2vcs": [
            [
                0.755235375347508,
                -0.04484781210406521,
                -0.6539175801071468,
                2.4450191607891516
            ],
            [
                0.6546022685180142,
                0.0007740500957153923,
                0.7559730622829881,
                0.9629320643462866
            ],
            [
                -0.033397572887530265,
                -0.9989935308078464,
                0.02994206955596609,
                0.8749446780404382
            ],
            [
                0.0,
                0.0,
                0.0,
                1.0
            ]
        ],
        "width": 1920,
        "height": 1200,
        "projection_type": "pinhole"
    },
    "camera_right_front": {
        "camera_intrinsics": {
            "K": [
                [
                    1107.921309,
                    0,
                    955.303888
                ],
                [
                    0,
                    1107.871619,
                    597.723826
                ],
                [
                    0,
                    0,
                    1
                ]
            ]
        },
        "camera2vcs": [
            [
                -0.7683983150564065,
                0.008065563793316948,
                0.6399210702103587,
                1.5528436412569777
            ],
            [
                -0.6398684575325277,
                0.00829482419808858,
                -0.768439687253636,
                -0.5739787374586446
            ],
            [
                -0.011505932096908499,
                -0.9999330690462327,
                -0.0012128290739409954,
                1.6478698619214192
            ],
            [
                0.0,
                0.0,
                0.0,
                1.0
            ]
        ],
        "width": 1920,
        "height": 1200,
        "projection_type": "pinhole"
    },
    "camera_right_rear": {
        "camera_intrinsics": {
            "K": [
                [
                    1110.541719,
                    0,
                    958.456295
                ],
                [
                    0,
                    1110.506937,
                    598.262731
                ],
                [
                    0,
                    0,
                    1
                ]
            ]
        },
        "camera2vcs": [
            [
                -0.7597321668997656,
                -0.019580914538410345,
                -0.6499412453165487,
                2.4617384452832396
            ],
            [
                0.6501095438279392,
                -0.0031510274964943186,
                -0.7598339634746167,
                -0.9362123579419931
            ],
            [
                0.01283026116707991,
                -0.999803310062312,
                0.015123676366172184,
                0.8733964051576224
            ],
            [
                0.0,
                0.0,
                0.0,
                1.0
            ]
        ],
        "width": 1920,
        "height": 1200,
        "projection_type": "pinhole"
    }
}