%YAML:1.0
---
calib_meta:
   vehicle_id: "1_019"
   calib_version: "260105.1"
   calib_details: ""
   calib_date: "2026-01-05 10:05:22"
#
#
reference_at_body: 1
#
#
camera_backward:
   Intrinsic_param:
      valid: true
      model_type: PINHOLE
      camera_name: camera_backward
      image_width: 3840
      image_height: 2160
      distortion_parameters:
         k1: 9.6692699999999998e-01
         k2: 1.6883200000000001e-01
         p1: 0.
         p2: 1.9999999999999999e-06
         k3: 1.8970000000000000e-03
         k4: 1.3314480000000000e+00
         k5: 4.2689899999999997e-01
         k6: 2.1561000000000000e-02
      projection_parameters:
         fx: 1.9097492510000000e+03
         fy: 1.9097492510000000e+03
         cx: 1.9201022770000000e+03
         cy: 1.0778436059999999e+03
   Extrinsic_param: !!opencv-matrix
      rows: 4
      cols: 4
      dt: d
      data: [ 9.7307374259541380e-03, -2.9373809277829580e-02,
          -9.9952113138125120e-01, 5.9242268270328337e-02,
          9.9977602539127508e-01, -1.8500917094384728e-02,
          1.0276921693338270e-02, 1.2750899598681822e-01,
          -1.8793929923553422e-02, -9.9939726605348289e-01,
          2.9187202724005008e-02, 1.6722014985117541e+00, 0., 0., 0., 1. ]
#
#
camera_backward_redundant:
   Intrinsic_param:
      valid: true
      model_type: PINHOLE
      camera_name: camera_backward_redundant
      image_width: 0
      image_height: 0
      distortion_parameters:
         k1: 0.
         k2: 0.
         p1: 0.
         p2: 0.
         k3: 0.
         k4: 0.
         k5: 0.
         k6: 0.
      projection_parameters:
         fx: 0.
         fy: 0.
         cx: 0.
         cy: 0.
   Extrinsic_param: !!opencv-matrix
      rows: 4
      cols: 4
      dt: d
      data: [ 1., 0., 0., 0., 0., 1., 0., 0., 0., 0., 1., 0., 0., 0., 0.,
          1. ]
#
#
camera_forward_far:
   Intrinsic_param:
      valid: true
      model_type: PINHOLE
      camera_name: camera_forward_far
      image_width: 3840
      image_height: 2160
      distortion_parameters:
         k1: -1.9630199999999999e+01
         k2: 1.6377652100000000e+02
         p1: 1.3899999999999999e-04
         p2: 4.9700000000000005e-04
         k3: -4.5179599999999999e+02
         k4: -1.9447500000000002e+01
         k5: 1.6128009000000000e+02
         k6: -4.3856799999999998e+02
      projection_parameters:
         fx: 7.3194023729999999e+03
         fy: 7.3194023729999999e+03
         cx: 1.9237228860000000e+03
         cy: 1.0692463820000000e+03
   Extrinsic_param: !!opencv-matrix
      rows: 4
      cols: 4
      dt: d
      data: [ -1.2896503652408597e-03, -1.1796941989353070e-03,
          9.9999847256059948e-01, 2.1883440642104630e+00,
          -9.9999889461463654e-01, 7.4150219699037345e-04,
          -1.2887761623673333e-03, 2.4736737680717713e-02,
          -7.3998070262835827e-04, -9.9999902924757311e-01,
          -1.1806491734979207e-03, 1.4933060511806837e+00, 0., 0., 0.,
          1. ]
#
#
camera_forward_wide:
   Intrinsic_param:
      valid: true
      model_type: PINHOLE
      camera_name: camera_forward_wide
      image_width: 3840
      image_height: 2160
      distortion_parameters:
         k1: 1.7460750000000000e+00
         k2: 5.4059199999999996e-01
         p1: 5.7000000000000003e-05
         p2: 6.0000000000000002e-06
         k3: 1.5580000000000000e-02
         k4: 2.1113940000000002e+00
         k5: 1.0798239999999999e+00
         k6: 1.0306000000000000e-01
      projection_parameters:
         fx: 1.9094270750000001e+03
         fy: 1.9094270750000001e+03
         cx: 1.9206340570000000e+03
         cy: 1.0797980500000001e+03
   Extrinsic_param: !!opencv-matrix
      rows: 4
      cols: 4
      dt: d
      data: [ -7.1803780591866489e-03, 6.8761835787273674e-03,
          9.9995057891393746e-01, 2.1551595308210860e+00,
          -9.9994752873141257e-01, 7.2569376238317829e-03,
          -7.2302586581970973e-03, 5.4179208163436181e-02,
          -7.3062955639484504e-03, -9.9995002622916873e-01,
          6.8237152209608704e-03, 1.4729615022736353e+00, 0., 0., 0., 1. ]
#
#
camera_forward_wide_redundant:
   Intrinsic_param:
      valid: true
      model_type: PINHOLE
      camera_name: camera_forward_wide_redundant
      image_width: 0
      image_height: 0
      distortion_parameters:
         k1: 0.
         k2: 0.
         p1: 0.
         p2: 0.
         k3: 0.
         k4: 0.
         k5: 0.
         k6: 0.
      projection_parameters:
         fx: 0.
         fy: 0.
         cx: 0.
         cy: 0.
   Extrinsic_param: !!opencv-matrix
      rows: 4
      cols: 4
      dt: d
      data: [ 1., 0., 0., 0., 0., 1., 0., 0., 0., 0., 1., 0., 0., 0., 0.,
          1. ]
#
#
camera_left_front:
   Intrinsic_param:
      valid: true
      model_type: KANNALA_BRANDT
      camera_name: camera_left_front
      image_width: 1920
      image_height: 1200
      projection_parameters:
         k1: -1.1413000000000000e-02
         k2: 9.6690000000000005e-03
         k3: 0.
         k4: 0.
         fx: 1.1064612820000000e+03
         fy: 1.1065101290000000e+03
         cx: 9.5989943500000004e+02
         cy: 6.0084062900000004e+02
   Extrinsic_param: !!opencv-matrix
      rows: 4
      cols: 4
      dt: d
      data: [ 7.5996715741684440e-01, -1.5905640808893950e-02,
          6.4976682759142068e-01, 1.5545070726274377e+00,
          -6.4986087883884114e-01, -1.0067988349862084e-03,
          7.6005251431129073e-01, 5.8774260290087177e-01,
          -1.1434937803500409e-02, -9.9987299040756372e-01,
          -1.1101587763277810e-02, 1.6410370470138114e+00, 0., 0., 0.,
          1. ]
#
#
camera_left_rear:
   Intrinsic_param:
      valid: true
      model_type: KANNALA_BRANDT
      camera_name: camera_left_rear
      image_width: 1920
      image_height: 1200
      projection_parameters:
         k1: -1.1952000000000001e-02
         k2: 9.8219999999999991e-03
         k3: 0.
         k4: 0.
         fx: 1.1063819730000000e+03
         fy: 1.1063691429999999e+03
         cx: 9.5993456800000001e+02
         cy: 6.0054269899999997e+02
   Extrinsic_param: !!opencv-matrix
      rows: 4
      cols: 4
      dt: d
      data: [ 7.5679836071982287e-01, -3.0644199532455511e-02,
          -6.5292968553038255e-01, 2.4493352036369700e+00,
          6.5318676209882121e-01, -2.0805631243593359e-03,
          7.5719398114085901e-01, 9.4336177641475749e-01,
          -2.4562064869368971e-02, -9.9952819084411060e-01,
          1.8441818707825613e-02, 8.6784821686427349e-01, 0., 0., 0., 1. ]
#
#
camera_right_front:
   Intrinsic_param:
      valid: true
      model_type: KANNALA_BRANDT
      camera_name: camera_right_front
      image_width: 1920
      image_height: 1200
      projection_parameters:
         k1: -1.2086000000000000e-02
         k2: 9.7249999999999993e-03
         k3: 0.
         k4: 0.
         fx: 1.1049334810000000e+03
         fy: 1.1048697890000001e+03
         cx: 9.5834586700000000e+02
         cy: 6.0024415499999998e+02
   Extrinsic_param: !!opencv-matrix
      rows: 4
      cols: 4
      dt: d
      data: [ -7.6475523402712897e-01, 5.5846543703425185e-04,
          6.4432066561958645e-01, 1.5556280672861869e+00,
          -6.4431775900764865e-01, -3.7891043865125873e-03,
          -7.6474849991046712e-01, -5.8951202786057044e-01,
          2.0143126551959794e-03, -9.9999266537525355e-01,
          3.2575666107335839e-03, 1.6545684813546686e+00, 0., 0., 0., 1. ]
#
#
camera_right_rear:
   Intrinsic_param:
      valid: true
      model_type: KANNALA_BRANDT
      camera_name: camera_right_rear
      image_width: 1920
      image_height: 1200
      projection_parameters:
         k1: -1.1552000000000000e-02
         k2: 1.0217000000000000e-02
         k3: 0.
         k4: 0.
         fx: 1.1082882400000001e+03
         fy: 1.1085311070000000e+03
         cx: 9.5912657799999999e+02
         cy: 5.9838583200000005e+02
   Extrinsic_param: !!opencv-matrix
      rows: 4
      cols: 4
      dt: d
      data: [ -7.4211131861339552e-01, -2.8542064754564635e-02,
          -6.6966868026318327e-01, 2.4423491245532998e+00,
          6.6914010413433800e-01, 2.6609835241352853e-02,
          -7.4265970518637625e-01, -9.5346083845890039e-01,
          3.9016814644133029e-02, -9.9923834354370833e-01,
          -6.4881973696722392e-04, 8.7402086687913327e-01, 0., 0., 0.,
          1. ]
#
#
camera_sur_front:
   Intrinsic_param:
      valid: true
      model_type: KANNALA_BRANDT
      camera_name: camera_sur_front
      image_width: 1920
      image_height: 1300
      projection_parameters:
         k1: 1.5097500000000000e-01
         k2: -7.0144999999999999e-02
         k3: 2.0865000000000002e-02
         k4: -2.4570000000000000e-03
         fx: 4.4598721000000000e+02
         fy: 4.4601107000000002e+02
         cx: 9.6382267300000001e+02
         cy: 6.4975472200000002e+02
   Extrinsic_param: !!opencv-matrix
      rows: 4
      cols: 4
      dt: d
      data: [ 3.1709130592324853e-03, 3.1341935387164920e-02,
          9.9950369103698555e-01, 3.7749876266532345e+00,
          -9.9993065672447012e-01, 1.1435248535876741e-02,
          2.8136868149720717e-03, -2.5649830302358859e-02,
          -1.1341386729179292e-02, -9.9944330413341098e-01,
          3.1376022213621894e-02, 6.8943223574956236e-01, 0., 0., 0., 1. ]
#
#
camera_sur_left:
   Intrinsic_param:
      valid: true
      model_type: KANNALA_BRANDT
      camera_name: camera_sur_left
      image_width: 1920
      image_height: 1300
      projection_parameters:
         k1: 1.4999599999999999e-01
         k2: -6.7991999999999997e-02
         k3: 1.9455000000000000e-02
         k4: -2.1329999999999999e-03
         fx: 4.4675910900000002e+02
         fy: 4.4678435300000001e+02
         cx: 9.6255101200000001e+02
         cy: 6.4974752300000000e+02
   Extrinsic_param: !!opencv-matrix
      rows: 4
      cols: 4
      dt: d
      data: [ 9.9961704198280243e-01, -2.6666403708775998e-02,
          -7.3940713272555442e-03, 2.4630840610718314e+00,
          7.6887584274016613e-03, 1.0965323424225517e-02,
          9.9991031831662136e-01, 9.4927295309286330e-01,
          -2.6582933837276591e-02, -9.9958424587197381e-01,
          1.1166155701953392e-02, 9.0411449226418750e-01, 0., 0., 0., 1. ]
#
#
camera_sur_rear:
   Intrinsic_param:
      valid: true
      model_type: KANNALA_BRANDT
      camera_name: camera_sur_rear
      image_width: 1920
      image_height: 1300
      projection_parameters:
         k1: 1.5006200000000000e-01
         k2: -6.8451999999999999e-02
         k3: 2.0018999999999999e-02
         k4: -2.3400000000000001e-03
         fx: 4.4564132000000001e+02
         fy: 4.4584813000000003e+02
         cx: 9.6162909300000001e+02
         cy: 6.5133042899999998e+02
   Extrinsic_param: !!opencv-matrix
      rows: 4
      cols: 4
      dt: d
      data: [ 1.1520078570194004e-02, 5.0827851873947494e-01,
          -8.6111569209818817e-01, -8.4371219763295446e-01,
          9.9993248322997075e-01, -4.5449169495995756e-03,
          1.0694517822945504e-02, 3.2405043276397621e-02,
          1.5220943730963638e-03, -8.6118075403362693e-01,
          -5.0829655921596884e-01, 8.3635962548942844e-01, 0., 0., 0.,
          1. ]
#
#
camera_sur_right:
   Intrinsic_param:
      valid: true
      model_type: KANNALA_BRANDT
      camera_name: camera_sur_right
      image_width: 1920
      image_height: 1300
      projection_parameters:
         k1: 1.4950400000000000e-01
         k2: -6.7371000000000000e-02
         k3: 1.9490000000000000e-02
         k4: -2.2539999999999999e-03
         fx: 4.4417651200000000e+02
         fy: 4.4448479099999997e+02
         cx: 9.6079835000000003e+02
         cy: 6.5047833300000002e+02
   Extrinsic_param: !!opencv-matrix
      rows: 4
      cols: 4
      dt: d
      data: [ -9.9958810785898078e-01, -2.7562112611402224e-02,
          -7.9965352058850494e-03, 2.4588042466628490e+00,
          8.0315773498813581e-03, -1.1609163257042532e-03,
          -9.9996707247716798e-01, -9.5971617826348121e-01,
          2.7551921751040327e-02, -9.9961941868977378e-01,
          1.3818053927579278e-03, 9.0136746117117583e-01, 0., 0., 0., 1. ]
#
#
lidar_primary_front:
   Intrinsic_param:
      valid: false
   Extrinsic_param: !!opencv-matrix
      rows: 4
      cols: 4
      dt: d
      data: [ 9.9983021933915617e-01, -5.4588169900060789e-03,
          1.7597780823202742e-02, 1.8811492791981514e+00,
          5.3305059957989348e-03, 9.9995887886342016e-01,
          7.3304373959388654e-03, 5.1031643270067015e-03,
          -1.7637073986417621e-02, -7.2353905606604681e-03,
          9.9981822837201084e-01, 1.6624627480563956e+00, 0., 0., 0., 1. ]
#
#
lidar_primary_left:
   Intrinsic_param:
      valid: false
   Extrinsic_param: !!opencv-matrix
      rows: 4
      cols: 4
      dt: d
      data: [ 3.4412330359173487e-02, -9.9936183736612105e-01,
          9.5737982054614947e-03, 1.3454115026215796e+00,
          9.9931487842001498e-01, 3.4538087073050311e-02,
          1.3296741484310549e-02, 5.9681689119434223e-01,
          -1.3618919675132703e-02, 9.1096680985849107e-03,
          9.9986571399079893e-01, 1.6753274004180532e+00, 0., 0., 0., 1. ]
#
#
lidar_primary_rear:
   Intrinsic_param:
      valid: false
   Extrinsic_param: !!opencv-matrix
      rows: 4
      cols: 4
      dt: d
      data: [ -9.9998397969750674e-01, -6.7472650098693776e-04,
          5.6154402411204198e-03, 1.0177799750450189e-01,
          7.0907974077106259e-04, -9.9998097997191049e-01,
          6.1193075354567510e-03, -2.1387697366796510e-02,
          5.6112055480435829e-03, 6.1231940820264761e-03,
          9.9996546335703307e-01, 1.6934577649915439e+00, 0., 0., 0., 1. ]
#
#
lidar_primary_right:
   Intrinsic_param:
      valid: false
   Extrinsic_param: !!opencv-matrix
      rows: 4
      cols: 4
      dt: d
      data: [ -3.2335657538369776e-02, 9.9945120472784732e-01,
          7.1862852874880392e-03, 1.4052460786606096e+00,
          -9.9947269104378766e-01, -3.2355836463679254e-02,
          2.7108538877172019e-03, -6.1733537916049841e-01,
          2.9418871858956914e-03, -7.0948395769865891e-03,
          9.9997045735935441e-01, 1.6756652220104222e+00, 0., 0., 0., 1. ]
#
#
lidar_short_front:
   Intrinsic_param:
      valid: false
   Extrinsic_param: !!opencv-matrix
      rows: 4
      cols: 4
      dt: d
      data: [ 9.9988862763327147e-01, -3.0105589862087683e-03,
          -1.4615640282259909e-02, 3.7762140629170520e+00,
          2.8687146085911376e-03, 9.9994863042239601e-01,
          -9.7167904806174099e-03, -2.9834586605014011e-02,
          1.4644141978608581e-02, 9.6737778106577351e-03,
          9.9984592521492766e-01, 7.3043603921063383e-01, 0., 0., 0., 1. ]
#
#
lidar_short_left:
   Intrinsic_param:
      valid: false
   Extrinsic_param: !!opencv-matrix
      rows: 4
      cols: 4
      dt: d
      data: [ -3.4636789649148338e-03, -9.9933929673730315e-01,
          3.6179013270643740e-02, 2.5070656749295406e+00,
          9.9995502200742947e-01, -3.1420310422642355e-03,
          8.9437479518182841e-03, 9.0823773246358863e-01,
          -8.8241660543326769e-03, 3.6208366028215262e-02,
          9.9930525634729184e-01, 8.9575156578860193e-01, 0., 0., 0., 1. ]
#
#
lidar_short_rear:
   Intrinsic_param:
      valid: false
   Extrinsic_param: !!opencv-matrix
      rows: 4
      cols: 4
      dt: d
      data: [ -9.9893048911288007e-01, -5.2756356242668169e-03,
          4.5934667366589313e-02, -8.7432279268534030e-01,
          5.9382025718462848e-03, -9.9988007405715607e-01,
          1.4299799930330421e-02, 4.2531868145826879e-02,
          4.5853720036283872e-02, 1.4557278497496983e-02,
          9.9884204409000266e-01, 9.4541069153788992e-01, 0., 0., 0., 1. ]
#
#
lidar_short_right:
   Intrinsic_param:
      valid: false
   Extrinsic_param: !!opencv-matrix
      rows: 4
      cols: 4
      dt: d
      data: [ -9.5105105233755181e-03, 9.9983013920325736e-01,
          1.5785784966137605e-02, 2.5010607472521071e+00,
          -9.9995284483290925e-01, -9.4786564144240110e-03,
          -2.0909824305110421e-03, -9.6717194184782762e-01,
          -1.9409966318960667e-03, -1.5804928098264802e-02,
          9.9987316386639657e-01, 8.9718281473854389e-01, 0., 0., 0., 1. ]
#
#
